age_group,fatal-f,fatal-m,fatal-gd,fatal-u,fatal-total,fatal%
80s,1543,1494,0,22,3059,0.35
90+,1569,815,0,20,2404,0.27
70s,690,1074,0,8,1772,0.2
60s,314,619,0,7,940,0.11
50s,137,255,0,2,394,0.04
40s,36,76,0,1,113,0.01
30s,13,31,0,3,47,0.01
20s,7,15,0,1,23,0.0
<20,2,2,0,0,4,0.0
UNKNOWN,0,0,0,1,1,0.0
