age_group,fatal-f,fatal-m,fatal-gd,fatal-u,fatal-total,fatal%
80s,1511,1455,0,20,2986,0.35
90+,1552,802,0,19,2373,0.28
70s,659,1029,0,6,1694,0.2
60s,294,564,0,8,866,0.1
50s,120,230,0,2,352,0.04
40s,29,63,0,1,93,0.01
30s,10,28,0,3,41,0.0
20s,6,14,0,1,21,0.0
<20,2,2,0,0,4,0.0
UNKNOWN,0,0,0,1,1,0.0
