age_group,fatal-f,fatal-m,fatal-gd,fatal-u,fatal-total,fatal%
80s,1429,1373,0,18,2820,0.36
90+,1513,773,0,19,2305,0.3
70s,597,933,0,5,1535,0.2
60s,249,476,0,4,729,0.09
50s,98,177,0,1,276,0.04
40s,27,50,0,0,77,0.01
30s,9,19,0,2,30,0.0
20s,5,9,0,0,14,0.0
<20,1,1,0,0,2,0.0
UNKNOWN,0,0,0,1,1,0.0
