age_group,fatal-f,fatal-m,fatal-gd,fatal-u,fatal-total,fatal%
80s,1422,1362,0,18,2802,0.36
90+,1512,770,0,19,2301,0.3
70s,591,925,0,5,1521,0.2
60s,245,470,0,4,719,0.09
50s,97,172,0,1,270,0.03
40s,27,49,0,0,76,0.01
30s,9,18,0,2,29,0.0
20s,5,9,0,0,14,0.0
<20,1,1,0,0,2,0.0
UNKNOWN,0,0,0,1,1,0.0
