age_group,fatal-f,fatal-m,fatal-gd,fatal-u,fatal-total,fatal%
80s,1570,1524,0,20,3114,0.35
90+,1588,829,0,18,2435,0.27
70s,715,1113,0,6,1834,0.2
60s,332,664,0,8,1004,0.11
50s,149,276,0,2,427,0.05
40s,40,80,0,2,122,0.01
30s,15,34,0,4,53,0.01
20s,7,17,0,1,25,0.0
<20,2,2,0,0,4,0.0
UNKNOWN,0,0,0,1,1,0.0
