age_group,fatal-f,fatal-m,fatal-gd,fatal-u,fatal-total,fatal%
80s,1537,1486,0,22,3045,0.35
90+,1565,813,0,20,2398,0.28
70s,681,1069,0,8,1758,0.2
60s,311,606,0,8,925,0.11
50s,134,252,0,2,388,0.04
40s,36,71,0,1,108,0.01
30s,13,31,0,3,47,0.01
20s,7,15,0,1,23,0.0
<20,2,2,0,0,4,0.0
UNKNOWN,0,0,0,1,1,0.0
