age_group,fatal-f,fatal-m,fatal-gd,fatal-u,fatal-total,fatal%
80s,1509,1450,0,21,2980,0.36
90+,1547,798,0,20,2365,0.28
70s,652,1020,0,6,1678,0.2
60s,293,553,0,8,854,0.1
50s,116,223,0,2,341,0.04
40s,29,61,0,1,91,0.01
30s,10,27,0,3,40,0.0
20s,6,13,0,1,20,0.0
<20,2,2,0,0,4,0.0
UNKNOWN,0,0,0,1,1,0.0
