age_group,fatal-f,fatal-m,fatal-gd,fatal-u,fatal-total,fatal%
80s,1525,1471,0,22,3018,0.35
90+,1564,809,0,20,2393,0.28
70s,672,1045,0,9,1726,0.2
60s,304,586,0,8,898,0.1
50s,125,244,0,2,371,0.04
40s,32,67,0,2,101,0.01
30s,12,31,0,3,46,0.01
20s,6,14,0,1,21,0.0
<20,2,2,0,0,4,0.0
UNKNOWN,0,0,0,1,1,0.0
