age_group,fatal-f,fatal-m,fatal-gd,fatal-u,fatal-total,fatal%
80s,1486,1430,0,20,2936,0.36
90+,1539,791,0,20,2350,0.29
70s,635,991,0,5,1631,0.2
60s,284,522,0,5,811,0.1
50s,108,206,0,2,316,0.04
40s,28,56,0,0,84,0.01
30s,10,24,0,3,37,0.0
20s,5,12,0,1,18,0.0
<20,2,1,0,0,3,0.0
UNKNOWN,0,0,0,1,1,0.0
