age_group,fatal-f,fatal-m,fatal-gd,fatal-u,fatal-total,fatal%
80s,1433,1378,0,18,2829,0.36
90+,1515,773,0,19,2307,0.29
70s,606,940,0,5,1551,0.2
60s,251,481,0,4,736,0.09
50s,101,178,0,2,281,0.04
40s,27,50,0,0,77,0.01
30s,9,19,0,2,30,0.0
20s,5,9,0,1,15,0.0
<20,1,1,0,0,2,0.0
UNKNOWN,0,0,0,1,1,0.0
