age_group,fatal-f,fatal-m,fatal-gd,fatal-u,fatal-total,fatal%
80s,1381,1311,0,18,2710,0.36
90+,1497,757,0,19,2273,0.31
70s,560,881,0,4,1445,0.19
60s,228,440,0,2,670,0.09
50s,89,157,0,1,247,0.03
40s,22,46,0,0,68,0.01
30s,7,15,0,1,23,0.0
20s,3,8,0,0,11,0.0
<20,1,1,0,0,2,0.0
UNKNOWN,0,0,0,1,1,0.0
