age_group,fatal-f,fatal-m,fatal-gd,fatal-u,fatal-total,fatal%
80s,1519,1463,0,20,3002,0.35
90+,1560,805,0,19,2384,0.28
70s,667,1036,0,7,1710,0.2
60s,299,578,0,8,885,0.1
50s,123,236,0,2,361,0.04
40s,29,65,0,2,96,0.01
30s,10,29,0,3,42,0.0
20s,6,14,0,1,21,0.0
<20,2,2,0,0,4,0.0
UNKNOWN,0,0,0,1,1,0.0
