age_group,fatal-f,fatal-m,fatal-gd,fatal-u,fatal-total,fatal%
80s,1351,1280,0,17,2648,0.36
90+,1481,749,0,19,2249,0.31
70s,536,858,0,4,1398,0.19
60s,218,421,0,2,641,0.09
50s,88,153,0,1,242,0.03
40s,22,44,0,0,66,0.01
30s,7,15,0,0,22,0.0
20s,3,8,0,0,11,0.0
<20,1,1,0,0,2,0.0
UNKNOWN,0,0,0,1,1,0.0
