age_group,fatal-f,fatal-m,fatal-gd,fatal-u,fatal-total,fatal%
80s,1587,1550,0,19,3156,0.34
90+,1601,842,0,18,2461,0.27
70s,734,1148,0,6,1888,0.2
60s,351,701,0,7,1059,0.11
50s,156,288,0,3,447,0.05
40s,45,92,0,2,139,0.02
30s,15,38,0,4,57,0.01
20s,7,17,0,1,25,0.0
<20,2,2,0,0,4,0.0
UNKNOWN,0,0,0,1,1,0.0
