age_group,fatal-f,fatal-m,fatal-gd,fatal-u,fatal-total,fatal%
80s,1372,1299,0,17,2688,0.36
90+,1492,753,0,19,2264,0.31
70s,554,870,0,4,1428,0.19
60s,223,433,0,2,658,0.09
50s,89,157,0,1,247,0.03
40s,22,45,0,0,67,0.01
30s,7,15,0,1,23,0.0
20s,3,8,0,0,11,0.0
<20,1,1,0,0,2,0.0
UNKNOWN,0,0,0,1,1,0.0
