age_group,fatal-f,fatal-m,fatal-gd,fatal-u,fatal-total,fatal%
80s,1410,1342,0,18,2770,0.36
90+,1509,767,0,19,2295,0.3
70s,581,911,0,4,1496,0.2
60s,242,460,0,2,704,0.09
50s,95,162,0,1,258,0.03
40s,26,48,0,0,74,0.01
30s,9,15,0,1,25,0.0
20s,5,9,0,0,14,0.0
<20,1,1,0,0,2,0.0
UNKNOWN,0,0,0,1,1,0.0
