age_group,fatal-f,fatal-m,fatal-gd,fatal-u,fatal-total,fatal%
80s,1504,1446,0,21,2971,0.36
90+,1544,795,0,20,2359,0.28
70s,647,1014,0,6,1667,0.2
60s,291,543,0,7,841,0.1
50s,115,219,0,2,336,0.04
40s,29,61,0,1,91,0.01
30s,10,26,0,3,39,0.0
20s,5,12,0,1,18,0.0
<20,2,2,0,0,4,0.0
UNKNOWN,0,0,0,1,1,0.0
