age_group,fatal-f,fatal-m,fatal-gd,fatal-u,fatal-total,fatal%
80s,1479,1424,0,19,2922,0.36
90+,1532,785,0,19,2336,0.29
70s,633,984,0,5,1622,0.2
60s,277,514,0,5,796,0.1
50s,107,195,0,2,304,0.04
40s,28,54,0,0,82,0.01
30s,10,23,0,3,36,0.0
20s,5,10,0,1,16,0.0
<20,2,1,0,0,3,0.0
UNKNOWN,0,0,0,1,1,0.0
