age_group,fatal-f,fatal-m,fatal-gd,fatal-u,fatal-total,fatal%
80s,1521,1466,0,21,3008,0.35
90+,1560,807,0,19,2386,0.28
70s,668,1039,0,7,1714,0.2
60s,299,578,0,8,885,0.1
50s,125,238,0,2,365,0.04
40s,30,65,0,2,97,0.01
30s,11,30,0,3,44,0.01
20s,6,14,0,1,21,0.0
<20,2,2,0,0,4,0.0
UNKNOWN,0,0,0,1,1,0.0
