age_group,fatal-f,fatal-m,fatal-gd,fatal-u,fatal-total,fatal%
80s,1348,1279,0,17,2644,0.36
90+,1480,749,0,19,2248,0.31
70s,534,855,0,4,1393,0.19
60s,215,420,0,2,637,0.09
50s,87,153,0,1,241,0.03
40s,22,42,0,0,64,0.01
30s,7,15,0,0,22,0.0
20s,3,8,0,0,11,0.0
<20,1,1,0,0,2,0.0
UNKNOWN,0,0,0,1,1,0.0
