age_group,fatal-f,fatal-m,fatal-gd,fatal-u,fatal-total,fatal%
80s,1546,1498,0,22,3066,0.35
90+,1574,817,0,20,2411,0.27
70s,692,1079,0,8,1779,0.2
60s,316,622,0,7,945,0.11
50s,138,260,0,2,400,0.05
40s,37,77,0,1,115,0.01
30s,13,31,0,3,47,0.01
20s,7,15,0,1,23,0.0
<20,2,2,0,0,4,0.0
UNKNOWN,0,0,0,1,1,0.0
