age_group,fatal-f,fatal-m,fatal-gd,fatal-u,fatal-total,fatal%
80s,1404,1338,0,18,2760,0.36
90+,1507,764,0,19,2290,0.3
70s,576,909,0,4,1489,0.2
60s,240,457,0,2,699,0.09
50s,95,162,0,1,258,0.03
40s,25,48,0,0,73,0.01
30s,9,15,0,1,25,0.0
20s,4,9,0,0,13,0.0
<20,1,1,0,0,2,0.0
UNKNOWN,0,0,0,1,1,0.0
