age_group,fatal-f,fatal-m,fatal-gd,fatal-u,fatal-total,fatal%
80s,1444,1393,0,18,2855,0.36
90+,1518,776,0,19,2313,0.29
70s,617,950,0,6,1573,0.2
60s,258,489,0,5,752,0.1
50s,102,183,0,2,287,0.04
40s,27,52,0,0,79,0.01
30s,10,20,0,3,33,0.0
20s,5,9,0,1,15,0.0
<20,2,1,0,0,3,0.0
UNKNOWN,0,0,0,1,1,0.0
