age_group,fatal-f,fatal-m,fatal-gd,fatal-u,fatal-total,fatal%
80s,1456,1402,0,19,2877,0.36
90+,1519,781,0,19,2319,0.29
70s,618,958,0,6,1582,0.2
60s,262,494,0,5,761,0.1
50s,104,187,0,2,293,0.04
40s,27,52,0,0,79,0.01
30s,10,20,0,3,33,0.0
20s,5,10,0,1,16,0.0
<20,2,1,0,0,3,0.0
UNKNOWN,0,0,0,1,1,0.0
