age_group,fatal-f,fatal-m,fatal-gd,fatal-u,fatal-total,fatal%
80s,1589,1552,0,19,3160,0.34
90+,1604,845,0,18,2467,0.27
70s,735,1150,0,6,1891,0.2
60s,353,704,0,7,1064,0.11
50s,158,294,0,3,455,0.05
40s,45,93,0,2,140,0.02
30s,15,38,0,4,57,0.01
20s,7,17,0,2,26,0.0
<20,2,2,0,0,4,0.0
UNKNOWN,0,0,0,1,1,0.0
