age_group,fatal-f,fatal-m,fatal-gd,fatal-u,fatal-total,fatal%
80s,1515,1460,0,20,2995,0.35
90+,1555,803,0,19,2377,0.28
70s,660,1030,0,6,1696,0.2
60s,296,569,0,7,872,0.1
50s,120,231,0,2,353,0.04
40s,29,64,0,2,95,0.01
30s,10,28,0,3,41,0.0
20s,6,14,0,1,21,0.0
<20,2,2,0,0,4,0.0
UNKNOWN,0,0,0,1,1,0.0
