age_group,fatal-f,fatal-m,fatal-gd,fatal-u,fatal-total,fatal%
80s,1564,1522,0,20,3106,0.35
90+,1587,827,0,18,2432,0.27
70s,712,1108,0,6,1826,0.2
60s,328,661,0,7,996,0.11
50s,149,273,0,2,424,0.05
40s,39,79,0,2,120,0.01
30s,15,34,0,3,52,0.01
20s,7,17,0,1,25,0.0
<20,2,2,0,0,4,0.0
UNKNOWN,0,0,0,1,1,0.0
