age_group,fatal-f,fatal-m,fatal-gd,fatal-u,fatal-total,fatal%
80s,1574,1535,0,20,3129,0.34
90+,1592,836,0,18,2446,0.27
70s,719,1125,0,6,1850,0.2
60s,341,680,0,8,1029,0.11
50s,151,282,0,2,435,0.05
40s,42,82,0,2,126,0.01
30s,15,37,0,4,56,0.01
20s,7,17,0,1,25,0.0
<20,2,2,0,0,4,0.0
UNKNOWN,0,0,0,1,1,0.0
