age_group,fatal-f,fatal-m,fatal-gd,fatal-u,fatal-total,fatal%
80s,1341,1270,0,17,2628,0.36
90+,1474,748,0,19,2241,0.31
70s,525,848,0,4,1377,0.19
60s,213,416,0,2,631,0.09
50s,87,149,0,1,237,0.03
40s,21,42,0,0,63,0.01
30s,7,15,0,0,22,0.0
20s,3,7,0,0,10,0.0
<20,1,1,0,0,2,0.0
UNKNOWN,0,0,0,1,1,0.0
