age_group,fatal-f,fatal-m,fatal-gd,fatal-u,fatal-total,fatal%
80s,1589,1551,0,19,3159,0.34
90+,1601,844,0,18,2463,0.27
70s,735,1149,0,6,1890,0.2
60s,352,702,0,7,1061,0.11
50s,157,291,0,3,451,0.05
40s,45,93,0,2,140,0.02
30s,15,38,0,4,57,0.01
20s,7,17,0,1,25,0.0
<20,2,2,0,0,4,0.0
UNKNOWN,0,0,0,1,1,0.0
