age_group,fatal-f,fatal-m,fatal-gd,fatal-u,fatal-total,fatal%
80s,1510,1454,0,20,2984,0.36
90+,1551,800,0,20,2371,0.28
70s,655,1025,0,6,1686,0.2
60s,293,561,0,8,862,0.1
50s,118,225,0,2,345,0.04
40s,29,63,0,1,93,0.01
30s,10,27,0,3,40,0.0
20s,6,12,0,1,19,0.0
<20,2,2,0,0,4,0.0
UNKNOWN,0,0,0,1,1,0.0
