age_group,fatal-f,fatal-m,fatal-gd,fatal-u,fatal-total,fatal%
80s,1562,1517,0,20,3099,0.35
90+,1584,825,0,18,2427,0.27
70s,710,1106,0,6,1822,0.2
60s,323,658,0,7,988,0.11
50s,147,271,0,2,420,0.05
40s,39,79,0,2,120,0.01
30s,15,33,0,3,51,0.01
20s,7,17,0,1,25,0.0
<20,2,2,0,0,4,0.0
UNKNOWN,0,0,0,1,1,0.0
