age_group,fatal-f,fatal-m,fatal-gd,fatal-u,fatal-total,fatal%
80s,1564,1524,0,20,3108,0.35
90+,1587,828,0,18,2433,0.27
70s,712,1110,0,6,1828,0.2
60s,328,661,0,7,996,0.11
50s,149,273,0,2,424,0.05
40s,39,80,0,2,121,0.01
30s,15,34,0,4,53,0.01
20s,7,17,0,1,25,0.0
<20,2,2,0,0,4,0.0
UNKNOWN,0,0,0,1,1,0.0
