age_group,fatal-f,fatal-m,fatal-gd,fatal-u,fatal-total,fatal%
80s,1544,1496,0,22,3062,0.35
90+,1571,816,0,20,2407,0.27
70s,690,1076,0,8,1774,0.2
60s,314,620,0,7,941,0.11
50s,137,255,0,2,394,0.04
40s,36,76,0,1,113,0.01
30s,13,31,0,3,47,0.01
20s,7,15,0,1,23,0.0
<20,2,2,0,0,4,0.0
UNKNOWN,0,0,0,1,1,0.0
