age_group,fatal-f,fatal-m,fatal-gd,fatal-u,fatal-total,fatal%
80s,1477,1422,0,19,2918,0.36
90+,1530,784,0,19,2333,0.29
70s,631,981,0,5,1617,0.2
60s,275,514,0,5,794,0.1
50s,107,194,0,2,303,0.04
40s,27,54,0,0,81,0.01
30s,10,23,0,3,36,0.0
20s,5,10,0,1,16,0.0
<20,2,1,0,0,3,0.0
UNKNOWN,0,0,0,1,1,0.0
