age_group,fatal-f,fatal-m,fatal-gd,fatal-u,fatal-total,fatal%
80s,1563,1521,0,20,3104,0.35
90+,1587,827,0,18,2432,0.27
70s,711,1106,0,6,1823,0.2
60s,326,660,0,7,993,0.11
50s,147,272,0,2,421,0.05
40s,39,79,0,2,120,0.01
30s,15,33,0,3,51,0.01
20s,7,17,0,1,25,0.0
<20,2,2,0,0,4,0.0
UNKNOWN,0,0,0,1,1,0.0
