age_group,fatal-f,fatal-m,fatal-gd,fatal-u,fatal-total,fatal%
80s,1436,1384,0,18,2838,0.36
90+,1518,774,0,19,2311,0.29
70s,611,945,0,5,1561,0.2
60s,254,483,0,4,741,0.09
50s,102,181,0,2,285,0.04
40s,27,51,0,0,78,0.01
30s,9,19,0,3,31,0.0
20s,5,9,0,1,15,0.0
<20,1,1,0,0,2,0.0
UNKNOWN,0,0,0,1,1,0.0
