age_group,fatal-f,fatal-m,fatal-gd,fatal-u,fatal-total,fatal%
80s,1534,1481,0,22,3037,0.35
90+,1564,813,0,20,2397,0.28
70s,681,1060,0,8,1749,0.2
60s,307,597,0,8,912,0.11
50s,130,251,0,2,383,0.04
40s,34,69,0,2,105,0.01
30s,12,31,0,3,46,0.01
20s,6,14,0,1,21,0.0
<20,2,2,0,0,4,0.0
UNKNOWN,0,0,0,1,1,0.0
