age_group,fatal-f,fatal-m,fatal-gd,fatal-u,fatal-total,fatal%
80s,1550,1506,0,22,3078,0.35
90+,1578,819,0,20,2417,0.27
70s,700,1087,0,7,1794,0.2
60s,318,630,0,7,955,0.11
50s,141,263,0,2,406,0.05
40s,38,79,0,1,118,0.01
30s,14,31,0,3,48,0.01
20s,7,15,0,1,23,0.0
<20,2,2,0,0,4,0.0
UNKNOWN,0,0,0,1,1,0.0
