age_group,fatal-f,fatal-m,fatal-gd,fatal-u,fatal-total,fatal%
80s,1574,1535,0,20,3129,0.34
90+,1592,834,0,18,2444,0.27
70s,718,1124,0,6,1848,0.2
60s,341,679,0,8,1028,0.11
50s,151,280,0,2,433,0.05
40s,42,81,0,2,125,0.01
30s,15,37,0,4,56,0.01
20s,7,17,0,1,25,0.0
<20,2,2,0,0,4,0.0
UNKNOWN,0,0,0,1,1,0.0
