age_group,fatal-f,fatal-m,fatal-gd,fatal-u,fatal-total,fatal%
80s,1323,1253,0,16,2592,0.37
90+,1460,743,0,19,2222,0.31
70s,516,828,0,4,1348,0.19
60s,207,407,0,2,616,0.09
50s,83,146,0,1,230,0.03
40s,19,40,0,0,59,0.01
30s,6,14,0,0,20,0.0
20s,3,6,0,0,9,0.0
<20,1,1,0,0,2,0.0
UNKNOWN,0,0,0,1,1,0.0
