age_group,fatal-f,fatal-m,fatal-gd,fatal-u,fatal-total,fatal%
80s,1361,1292,0,17,2670,0.36
90+,1490,752,0,19,2261,0.31
70s,546,867,0,4,1417,0.19
60s,222,430,0,2,654,0.09
50s,89,156,0,1,246,0.03
40s,22,45,0,0,67,0.01
30s,7,15,0,0,22,0.0
20s,3,8,0,0,11,0.0
<20,1,1,0,0,2,0.0
UNKNOWN,0,0,0,1,1,0.0
