age_group,fatal-f,fatal-m,fatal-gd,fatal-u,fatal-total,fatal%
80s,1387,1315,0,18,2720,0.36
90+,1500,759,0,19,2278,0.3
70s,563,890,0,4,1457,0.19
60s,230,449,0,2,681,0.09
50s,92,159,0,1,252,0.03
40s,23,46,0,0,69,0.01
30s,7,15,0,1,23,0.0
20s,3,8,0,0,11,0.0
<20,1,1,0,0,2,0.0
UNKNOWN,0,0,0,1,1,0.0
