age_group,fatal-f,fatal-m,fatal-gd,fatal-u,fatal-total,fatal%
80s,1415,1353,0,18,2786,0.36
90+,1512,769,0,19,2300,0.3
70s,590,922,0,5,1517,0.2
60s,244,466,0,4,714,0.09
50s,96,167,0,1,264,0.03
40s,26,48,0,0,74,0.01
30s,9,16,0,1,26,0.0
20s,5,9,0,0,14,0.0
<20,1,1,0,0,2,0.0
UNKNOWN,0,0,0,1,1,0.0
