age_group,fatal-f,fatal-m,fatal-gd,fatal-u,fatal-total,fatal%
80s,1546,1498,0,23,3067,0.35
90+,1575,817,0,20,2412,0.27
70s,694,1082,0,8,1784,0.2
60s,316,623,0,7,946,0.11
50s,139,260,0,2,401,0.05
40s,38,77,0,1,116,0.01
30s,13,31,0,3,47,0.01
20s,7,15,0,1,23,0.0
<20,2,2,0,0,4,0.0
UNKNOWN,0,0,0,1,1,0.0
