age_group,fatal-f,fatal-m,fatal-gd,fatal-u,fatal-total,fatal%
80s,1401,1332,0,18,2751,0.36
90+,1505,762,0,19,2286,0.3
70s,573,905,0,4,1482,0.2
60s,238,454,0,2,694,0.09
50s,94,162,0,1,257,0.03
40s,24,48,0,0,72,0.01
30s,9,15,0,1,25,0.0
20s,3,9,0,0,12,0.0
<20,1,1,0,0,2,0.0
UNKNOWN,0,0,0,1,1,0.0
