age_group,fatal-f,fatal-m,fatal-gd,fatal-u,fatal-total,fatal%
80s,1587,1548,0,19,3154,0.34
90+,1599,841,0,18,2458,0.27
70s,734,1145,0,6,1885,0.2
60s,349,700,0,8,1057,0.11
50s,156,287,0,3,446,0.05
40s,45,90,0,2,137,0.01
30s,15,38,0,4,57,0.01
20s,7,17,0,1,25,0.0
<20,2,2,0,0,4,0.0
UNKNOWN,0,0,0,1,1,0.0
