age_group,fatal-f,fatal-m,fatal-gd,fatal-u,fatal-total,fatal%
80s,1560,1516,0,20,3096,0.35
90+,1584,824,0,18,2426,0.27
70s,709,1102,0,6,1817,0.2
60s,321,651,0,7,979,0.11
50s,145,268,0,2,415,0.05
40s,39,79,0,2,120,0.01
30s,14,31,0,3,48,0.01
20s,7,17,0,1,25,0.0
<20,2,2,0,0,4,0.0
UNKNOWN,0,0,0,1,1,0.0
