age_group,fatal-f,fatal-m,fatal-gd,fatal-u,fatal-total,fatal%
80s,1474,1417,0,19,2910,0.36
90+,1527,784,0,19,2330,0.29
70s,629,978,0,5,1612,0.2
60s,275,510,0,5,790,0.1
50s,106,192,0,2,300,0.04
40s,27,54,0,0,81,0.01
30s,10,23,0,3,36,0.0
20s,5,10,0,1,16,0.0
<20,2,2,0,0,4,0.0
UNKNOWN,0,0,0,1,1,0.0
