age_group,fatal-f,fatal-m,fatal-gd,fatal-u,fatal-total,fatal%
80s,1324,1254,0,16,2594,0.36
90+,1461,744,0,19,2224,0.31
70s,516,829,0,4,1349,0.19
60s,207,408,0,2,617,0.09
50s,84,147,0,1,232,0.03
40s,20,41,0,0,61,0.01
30s,6,14,0,0,20,0.0
20s,3,6,0,0,9,0.0
<20,1,1,0,0,2,0.0
UNKNOWN,0,0,0,1,1,0.0
