age_group,fatal-f,fatal-m,fatal-gd,fatal-u,fatal-total,fatal%
80s,1505,1448,0,21,2974,0.36
90+,1546,797,0,20,2363,0.28
70s,648,1016,0,6,1670,0.2
60s,291,545,0,8,844,0.1
50s,115,219,0,2,336,0.04
40s,29,61,0,1,91,0.01
30s,10,26,0,3,39,0.0
20s,6,13,0,1,20,0.0
<20,2,2,0,0,4,0.0
UNKNOWN,0,0,0,1,1,0.0
