age_group,fatal-f,fatal-m,fatal-gd,fatal-u,fatal-total,fatal%
80s,1573,1534,0,20,3127,0.34
90+,1590,834,0,18,2442,0.27
70s,718,1123,0,6,1847,0.2
60s,339,676,0,8,1023,0.11
50s,151,280,0,2,433,0.05
40s,42,81,0,2,125,0.01
30s,15,36,0,4,55,0.01
20s,7,17,0,1,25,0.0
<20,2,2,0,0,4,0.0
UNKNOWN,0,0,0,1,1,0.0
