age_group,fatal-f,fatal-m,fatal-gd,fatal-u,fatal-total,fatal%
80s,1519,1462,0,20,3001,0.35
90+,1558,804,0,19,2381,0.28
70s,667,1031,0,6,1704,0.2
60s,299,575,0,7,881,0.1
50s,123,234,0,2,359,0.04
40s,29,64,0,2,95,0.01
30s,10,29,0,3,42,0.0
20s,6,14,0,1,21,0.0
<20,2,2,0,0,4,0.0
UNKNOWN,0,0,0,1,1,0.0
