age_group,fatal-f,fatal-m,fatal-gd,fatal-u,fatal-total,fatal%
80s,1326,1259,0,16,2601,0.36
90+,1463,744,0,19,2226,0.31
70s,517,833,0,4,1354,0.19
60s,207,411,0,2,620,0.09
50s,85,147,0,1,233,0.03
40s,19,42,0,0,61,0.01
30s,6,14,0,0,20,0.0
20s,3,6,0,0,9,0.0
<20,1,1,0,0,2,0.0
UNKNOWN,0,0,0,1,1,0.0
