age_group,fatal-f,fatal-m,fatal-gd,fatal-u,fatal-total,fatal%
80s,1583,1544,0,19,3146,0.34
90+,1598,840,0,18,2456,0.27
70s,731,1143,0,6,1880,0.2
60s,347,696,0,8,1051,0.11
50s,155,286,0,2,443,0.05
40s,45,86,0,2,133,0.01
30s,15,38,0,4,57,0.01
20s,7,17,0,1,25,0.0
<20,2,2,0,0,4,0.0
UNKNOWN,0,0,0,1,1,0.0
