age_group,fatal-f,fatal-m,fatal-gd,fatal-u,fatal-total,fatal%
80s,1492,1432,0,20,2944,0.36
90+,1539,791,0,20,2350,0.29
70s,640,996,0,5,1641,0.2
60s,286,527,0,5,818,0.1
50s,109,206,0,2,317,0.04
40s,28,56,0,0,84,0.01
30s,10,24,0,3,37,0.0
20s,5,12,0,1,18,0.0
<20,2,1,0,0,3,0.0
UNKNOWN,0,0,0,1,1,0.0
