age_group,fatal-f,fatal-m,fatal-gd,fatal-u,fatal-total,fatal%
80s,1583,1545,0,19,3147,0.34
90+,1599,841,0,18,2458,0.27
70s,732,1143,0,6,1881,0.2
60s,348,698,0,8,1054,0.11
50s,155,286,0,2,443,0.05
40s,45,88,0,2,135,0.01
30s,15,38,0,4,57,0.01
20s,7,17,0,1,25,0.0
<20,2,2,0,0,4,0.0
UNKNOWN,0,0,0,1,1,0.0
