age_group,fatal-f,fatal-m,fatal-gd,fatal-u,fatal-total,fatal%
80s,1337,1264,0,16,2617,0.36
90+,1468,746,0,19,2233,0.31
70s,520,844,0,4,1368,0.19
60s,211,414,0,2,627,0.09
50s,86,147,0,1,234,0.03
40s,19,42,0,0,61,0.01
30s,7,14,0,0,21,0.0
20s,3,6,0,0,9,0.0
<20,1,1,0,0,2,0.0
UNKNOWN,0,0,0,1,1,0.0
