age_group,fatal-f,fatal-m,fatal-gd,fatal-u,fatal-total,fatal%
80s,1441,1389,0,18,2848,0.36
90+,1518,775,0,19,2312,0.29
70s,614,948,0,5,1567,0.2
60s,255,486,0,4,745,0.09
50s,102,182,0,2,286,0.04
40s,27,52,0,0,79,0.01
30s,9,20,0,3,32,0.0
20s,5,9,0,1,15,0.0
<20,1,1,0,0,2,0.0
UNKNOWN,0,0,0,1,1,0.0
