age_group,fatal-f,fatal-m,fatal-gd,fatal-u,fatal-total,fatal%
80s,1347,1277,0,17,2641,0.36
90+,1480,749,0,19,2248,0.31
70s,532,855,0,4,1391,0.19
60s,214,419,0,2,635,0.09
50s,87,152,0,1,240,0.03
40s,21,42,0,0,63,0.01
30s,7,15,0,0,22,0.0
20s,3,7,0,0,10,0.0
<20,1,1,0,0,2,0.0
UNKNOWN,0,0,0,1,1,0.0
