age_group,fatal-f,fatal-m,fatal-gd,fatal-u,fatal-total,fatal%
80s,1580,1540,0,19,3139,0.34
90+,1595,838,0,18,2451,0.27
70s,724,1135,0,6,1865,0.2
60s,344,691,0,8,1043,0.11
50s,152,285,0,2,439,0.05
40s,44,84,0,2,130,0.01
30s,15,38,0,4,57,0.01
20s,7,17,0,1,25,0.0
<20,2,2,0,0,4,0.0
UNKNOWN,0,0,0,1,1,0.0
