age_group,fatal-f,fatal-m,fatal-gd,fatal-u,fatal-total,fatal%
80s,1555,1511,0,21,3087,0.35
90+,1580,819,0,20,2419,0.27
70s,702,1089,0,7,1798,0.2
60s,319,635,0,7,961,0.11
50s,143,265,0,2,410,0.05
40s,38,79,0,1,118,0.01
30s,14,31,0,3,48,0.01
20s,7,15,0,1,23,0.0
<20,2,2,0,0,4,0.0
UNKNOWN,0,0,0,1,1,0.0
