age_group,fatal-f,fatal-m,fatal-gd,fatal-u,fatal-total,fatal%
80s,1343,1271,0,17,2631,0.36
90+,1476,748,0,19,2243,0.31
70s,527,848,0,4,1379,0.19
60s,214,418,0,2,634,0.09
50s,87,150,0,1,238,0.03
40s,21,42,0,0,63,0.01
30s,7,15,0,0,22,0.0
20s,3,7,0,0,10,0.0
<20,1,1,0,0,2,0.0
UNKNOWN,0,0,0,1,1,0.0
