age_group,fatal-f,fatal-m,fatal-gd,fatal-u,fatal-total,fatal%
80s,1578,1537,0,19,3134,0.34
90+,1594,836,0,18,2448,0.27
70s,722,1130,0,6,1858,0.2
60s,342,688,0,8,1038,0.11
50s,151,282,0,2,435,0.05
40s,43,84,0,2,129,0.01
30s,15,38,0,4,57,0.01
20s,7,17,0,1,25,0.0
<20,2,2,0,0,4,0.0
UNKNOWN,0,0,0,1,1,0.0
