age_group,fatal-f,fatal-m,fatal-gd,fatal-u,fatal-total,fatal%
80s,1580,1540,0,19,3139,0.34
90+,1596,839,0,18,2453,0.27
70s,727,1139,0,6,1872,0.2
60s,344,692,0,8,1044,0.11
50s,154,285,0,2,441,0.05
40s,45,85,0,2,132,0.01
30s,15,38,0,4,57,0.01
20s,7,17,0,1,25,0.0
<20,2,2,0,0,4,0.0
UNKNOWN,0,0,0,1,1,0.0
