age_group,fatal-f,fatal-m,fatal-gd,fatal-u,fatal-total,fatal%
80s,1423,1366,0,18,2807,0.36
90+,1512,771,0,19,2302,0.3
70s,593,929,0,5,1527,0.2
60s,247,472,0,4,723,0.09
50s,98,176,0,1,275,0.04
40s,27,49,0,0,76,0.01
30s,9,18,0,3,30,0.0
20s,5,9,0,0,14,0.0
<20,1,1,0,0,2,0.0
UNKNOWN,0,0,0,1,1,0.0
