age_group,fatal-f,fatal-m,fatal-gd,fatal-u,fatal-total,fatal%
80s,1452,1397,0,18,2867,0.36
90+,1519,777,0,19,2315,0.29
70s,617,954,0,6,1577,0.2
60s,259,491,0,5,755,0.1
50s,103,184,0,2,289,0.04
40s,27,52,0,0,79,0.01
30s,10,20,0,3,33,0.0
20s,5,10,0,1,16,0.0
<20,2,1,0,0,3,0.0
UNKNOWN,0,0,0,1,1,0.0
