age_group,fatal-f,fatal-m,fatal-gd,fatal-u,fatal-total,fatal%
80s,1524,1468,0,22,3014,0.35
90+,1563,807,0,19,2389,0.28
70s,670,1041,0,9,1720,0.2
60s,304,582,0,8,894,0.1
50s,125,238,0,2,365,0.04
40s,31,67,0,2,100,0.01
30s,11,30,0,3,44,0.01
20s,6,14,0,1,21,0.0
<20,2,2,0,0,4,0.0
UNKNOWN,0,0,0,1,1,0.0
