age_group,fatal-f,fatal-m,fatal-gd,fatal-u,fatal-total,fatal%
80s,1339,1270,0,17,2626,0.36
90+,1474,748,0,19,2241,0.31
70s,524,846,0,4,1374,0.19
60s,212,416,0,2,630,0.09
50s,86,148,0,1,235,0.03
40s,19,42,0,0,61,0.01
30s,7,15,0,0,22,0.0
20s,3,7,0,0,10,0.0
<20,1,1,0,0,2,0.0
UNKNOWN,0,0,0,1,1,0.0
