age_group,fatal-f,fatal-m,fatal-gd,fatal-u,fatal-total,fatal%
80s,1363,1293,0,17,2673,0.36
90+,1491,753,0,19,2263,0.31
70s,551,869,0,4,1424,0.19
60s,223,432,0,2,657,0.09
50s,89,156,0,1,246,0.03
40s,22,45,0,0,67,0.01
30s,7,15,0,0,22,0.0
20s,3,8,0,0,11,0.0
<20,1,1,0,0,2,0.0
UNKNOWN,0,0,0,1,1,0.0
