age_group,fatal-f,fatal-m,fatal-gd,fatal-u,fatal-total,fatal%
80s,1539,1491,0,22,3052,0.35
90+,1565,814,0,20,2399,0.27
70s,687,1071,0,8,1766,0.2
60s,313,613,0,7,933,0.11
50s,136,253,0,2,391,0.04
40s,36,72,0,2,110,0.01
30s,13,31,0,3,47,0.01
20s,7,15,0,1,23,0.0
<20,2,2,0,0,4,0.0
UNKNOWN,0,0,0,1,1,0.0
